             Din           counts             Dout           counts-1.241949e+01            0 -2.397940e+00            0
-1.235607e+01            0 -2.387890e+00            0
-1.229264e+01            0 -2.377840e+00            0
-1.222921e+01            0 -2.367789e+00            0
-1.216579e+01            0 -2.357739e+00            0
-1.210236e+01            0 -2.347689e+00            0
-1.203893e+01            0 -2.337639e+00            0
-1.197550e+01            0 -2.327588e+00            0
-1.191208e+01            0 -2.317538e+00            0
-1.184865e+01            0 -2.307488e+00            0
-1.178522e+01            0 -2.297437e+00            0
-1.172180e+01            0 -2.287387e+00            0
-1.165837e+01            0 -2.277337e+00            0
-1.159494e+01            0 -2.267287e+00            0
-1.153151e+01            0 -2.257236e+00            0
-1.146809e+01            1 -2.247186e+00            0
-1.140466e+01            0 -2.237136e+00            0
-1.134123e+01            0 -2.227086e+00            0
-1.127781e+01            0 -2.217035e+00            0
-1.121438e+01            0 -2.206985e+00            0
-1.115095e+01            0 -2.196935e+00            0
-1.108752e+01            0 -2.186885e+00            0
-1.102410e+01            0 -2.176834e+00            0
-1.096067e+01            0 -2.166784e+00            0
-1.089724e+01            0 -2.156734e+00            0
-1.083382e+01            0 -2.146684e+00            0
-1.077039e+01            0 -2.136633e+00            0
-1.070696e+01            0 -2.126583e+00            0
-1.064353e+01            0 -2.116533e+00            0
-1.058011e+01            0 -2.106483e+00            0
-1.051668e+01            0 -2.096432e+00            0
-1.045325e+01            0 -2.086382e+00            0
-1.038983e+01            0 -2.076332e+00            0
-1.032640e+01            0 -2.066282e+00            0
-1.026297e+01            0 -2.056231e+00            0
-1.019954e+01            0 -2.046181e+00            0
-1.013612e+01            0 -2.036131e+00            0
-1.007269e+01            0 -2.026081e+00            0
-1.000926e+01            0 -2.016030e+00            0
-9.945836e+00            0 -2.005980e+00            0
-9.882409e+00            0 -1.995930e+00            0
-9.818982e+00            0 -1.985880e+00            0
-9.755555e+00            1 -1.975829e+00            0
-9.692128e+00            0 -1.965779e+00            0
-9.628700e+00            0 -1.955729e+00            0
-9.565273e+00            1 -1.945679e+00            0
-9.501846e+00            0 -1.935628e+00            0
-9.438419e+00            0 -1.925578e+00            0
-9.374992e+00            0 -1.915528e+00            0
-9.311565e+00            0 -1.905478e+00            0
-9.248138e+00            0 -1.895427e+00            0
-9.184711e+00            0 -1.885377e+00            0
-9.121283e+00            0 -1.875327e+00            0
-9.057856e+00            0 -1.865277e+00            0
-8.994429e+00            0 -1.855226e+00            0
-8.931002e+00            0 -1.845176e+00            0
-8.867575e+00            0 -1.835126e+00            0
-8.804148e+00            0 -1.825076e+00            0
-8.740721e+00            1 -1.815025e+00            0
-8.677293e+00            0 -1.804975e+00            0
-8.613866e+00            0 -1.794925e+00            0
-8.550439e+00            0 -1.784875e+00            0
-8.487012e+00            0 -1.774824e+00            0
-8.423585e+00            0 -1.764774e+00            0
-8.360158e+00            1 -1.754724e+00            0
-8.296731e+00            0 -1.744674e+00            0
-8.233304e+00            0 -1.734623e+00            0
-8.169876e+00            0 -1.724573e+00            0
-8.106449e+00            0 -1.714523e+00            0
-8.043022e+00            0 -1.704473e+00            0
-7.979595e+00            0 -1.694422e+00            0
-7.916168e+00            0 -1.684372e+00            0
-7.852741e+00            0 -1.674322e+00            0
-7.789314e+00            0 -1.664272e+00            0
-7.725886e+00            0 -1.654221e+00            0
-7.662459e+00            0 -1.644171e+00            0
-7.599032e+00            0 -1.634121e+00            0
-7.535605e+00            0 -1.624071e+00            0
-7.472178e+00            0 -1.614020e+00            0
-7.408751e+00            0 -1.603970e+00            0
-7.345324e+00            2 -1.593920e+00            0
-7.281897e+00            0 -1.583870e+00            0
-7.218469e+00            0 -1.573819e+00            0
-7.155042e+00            1 -1.563769e+00            0
-7.091615e+00            2 -1.553719e+00            0
-7.028188e+00            0 -1.543669e+00            0
-6.964761e+00            1 -1.533618e+00            0
-6.901334e+00            0 -1.523568e+00            0
-6.837907e+00            1 -1.513518e+00            0
-6.774479e+00            0 -1.503468e+00            0
-6.711052e+00            0 -1.493417e+00            0
-6.647625e+00            1 -1.483367e+00            0
-6.584198e+00            0 -1.473317e+00            0
-6.520771e+00            0 -1.463267e+00            0
-6.457344e+00            2 -1.453216e+00            0
-6.393917e+00            0 -1.443166e+00            0
-6.330490e+00            1 -1.433116e+00            0
-6.267062e+00            1 -1.423066e+00            0
-6.203635e+00            1 -1.413015e+00            0
-6.140208e+00            1 -1.402965e+00         1200
-6.076781e+00            1 -1.392915e+00            0
-6.013354e+00            2 -1.382865e+00            0
-5.949927e+00            2 -1.372814e+00            0
-5.886500e+00            0 -1.362764e+00            0
-5.823072e+00            1 -1.352714e+00            0
-5.759645e+00            0 -1.342664e+00            0
-5.696218e+00            1 -1.332613e+00            0
-5.632791e+00            1 -1.322563e+00            0
-5.569364e+00            0 -1.312513e+00            0
-5.505937e+00            0 -1.302463e+00            0
-5.442510e+00            2 -1.292412e+00            0
-5.379083e+00            2 -1.282362e+00            0
-5.315655e+00            2 -1.272312e+00            0
-5.252228e+00            5 -1.262262e+00            0
-5.188801e+00            2 -1.252211e+00            0
-5.125374e+00            3 -1.242161e+00            0
-5.061947e+00            2 -1.232111e+00            0
-4.998520e+00            1 -1.222061e+00            0
-4.935093e+00            2 -1.212010e+00            0
-4.871665e+00            3 -1.201960e+00            0
-4.808238e+00            2 -1.191910e+00            0
-4.744811e+00            1 -1.181860e+00            0
-4.681384e+00            4 -1.171809e+00            0
-4.617957e+00            4 -1.161759e+00            0
-4.554530e+00            3 -1.151709e+00            0
-4.491103e+00            5 -1.141659e+00            0
-4.427676e+00            4 -1.131608e+00            0
-4.364248e+00            6 -1.121558e+00            0
-4.300821e+00            4 -1.111508e+00            0
-4.237394e+00            2 -1.101458e+00            0
-4.173967e+00            7 -1.091407e+00            0
-4.110540e+00            4 -1.081357e+00            0
-4.047113e+00            5 -1.071307e+00            0
-3.983686e+00            2 -1.061257e+00            0
-3.920258e+00            6 -1.051206e+00            0
-3.856831e+00            8 -1.041156e+00            0
-3.793404e+00            6 -1.031106e+00            0
-3.729977e+00           10 -1.021056e+00            0
-3.666550e+00            8 -1.011005e+00            0
-3.603123e+00            1 -1.000955e+00            0
-3.539696e+00            9 -9.909048e-01            0
-3.476269e+00            4 -9.808546e-01            0
-3.412841e+00            5 -9.708043e-01            0
-3.349414e+00           14 -9.607541e-01            0
-3.285987e+00            9 -9.507038e-01            0
-3.222560e+00            7 -9.406536e-01            0
-3.159133e+00            8 -9.306033e-01            0
-3.095706e+00           16 -9.205531e-01            0
-3.032279e+00            5 -9.105028e-01            0
-2.968851e+00           15 -9.004526e-01            0
-2.905424e+00           16 -8.904023e-01            0
-2.841997e+00           12 -8.803521e-01            0
-2.778570e+00            8 -8.703018e-01            0
-2.715143e+00            9 -8.602516e-01            0
-2.651716e+00           18 -8.502013e-01            0
-2.588289e+00           15 -8.401511e-01            0
-2.524862e+00           18 -8.301008e-01            0
-2.461434e+00           22 -8.200506e-01            0
-2.398007e+00           23 -8.100003e-01            0
-2.334580e+00           21 -7.999501e-01            0
-2.271153e+00           23 -7.898998e-01            0
-2.207726e+00           23 -7.798496e-01            0
-2.144299e+00           22 -7.697993e-01            0
-2.080872e+00           26 -7.597491e-01            0
-2.017444e+00           17 -7.496988e-01            0
-1.954017e+00           24 -7.396486e-01            0
-1.890590e+00           24 -7.295983e-01            0
-1.827163e+00           32 -7.195480e-01            0
-1.763736e+00           23 -7.094978e-01            0
-1.700309e+00           33 -6.994475e-01            0
-1.636882e+00           20 -6.893973e-01            0
-1.573455e+00           32 -6.793470e-01            0
-1.510027e+00           36 -6.692968e-01            0
-1.446600e+00           43 -6.592465e-01            0
-1.383173e+00           33 -6.491963e-01            0
-1.319746e+00           55 -6.391460e-01            0
-1.256319e+00           44 -6.290958e-01            0
-1.192892e+00           45 -6.190455e-01            0
-1.129465e+00           42 -6.089953e-01            0
-1.066037e+00           56 -5.989450e-01            0
-1.002610e+00           46 -5.888948e-01            0
-9.391832e-01           55 -5.788445e-01            0
-8.757560e-01           49 -5.687943e-01            0
-8.123289e-01            0 -5.587440e-01            0
-7.489018e-01            0 -5.486938e-01            0
-6.854746e-01            0 -5.386435e-01            0
-6.220475e-01            0 -5.285933e-01            0
-5.586204e-01            0 -5.185430e-01            0
-4.951932e-01            0 -5.084928e-01            0
-4.317661e-01            0 -4.984425e-01            0
-3.683390e-01            0 -4.883923e-01            0
-3.049118e-01            0 -4.783420e-01            0
-2.414847e-01            0 -4.682918e-01            0
-1.780576e-01            0 -4.582415e-01            0
-1.146304e-01            0 -4.481913e-01            0
-5.120330e-02            0 -4.381410e-01            0
1.222383e-02            0 -4.280908e-01            0
7.565096e-02            0 -4.180405e-01            0
1.390781e-01            0 -4.079903e-01            0
2.025052e-01            0 -3.979400e-01            0
