#Settings
#Ntime 4096000
#Nprint 40960
#tstart 0.000000e+00
#LX 1.000000e+03
#LY 3.000000e+03
#dx 5.000000e+01
#NX 20
#NY 60
#DA 0.000000e+00
#DBin 1.000000e-04
#DBout 4.000000e-04
#epsAA -2.000000e+00
#epsAB -2.500000e+00
#DBout 4.000000e-04
#nA 4.000000e+02
#nB 3.200000e+02
#tbleach 6.000000e+02
#Xbleach 1.000000e+01
#Ybleach 3.333333e+00
#bleach_radius[micron] 3.700000e-01
#==
Fixed Aggresome Mode - Number of proteins override:
#nA 3.350000e+02
#nB 3.350000e+02
    #time[s]  frap[#proteins]        Ahops        Bhops  accepted[%]     cin/cout
2.677395e+01                0            0         1571          3.8     8.51e+00
5.358661e+01                0            0         3149          3.8     7.48e+00
8.014473e+01                0            0         4762          3.9     6.52e+00
1.065327e+02                0            0         6343          3.9     6.34e+00
1.331865e+02                0            0         7923          3.9     5.98e+00
1.598778e+02                0            0         9525          3.9     5.35e+00
1.864376e+02                0            0        11136          3.9     5.07e+00
2.131512e+02                0            0        12820          3.9     4.81e+00
2.397228e+02                0            0        14503          3.9     4.69e+00
2.663199e+02                0            0        16224          4.0     4.45e+00
2.929829e+02                0            0        18009          4.0     4.23e+00
3.198605e+02                0            0        19750          4.0     4.12e+00
3.464617e+02                0            0        21457          4.0     3.97e+00
3.729277e+02                0            0        23240          4.1     3.87e+00
3.994843e+02                0            0        24901          4.1     3.83e+00
4.262451e+02                0            0        26656          4.1     3.55e+00
4.531211e+02                0            0        28315          4.1     3.22e+00
4.799566e+02                0            0        30136          4.1     3.42e+00
5.065592e+02                0            0        31780          4.1     3.38e+00
5.330256e+02                0            0        33542          4.1     3.30e+00
5.597030e+02                0            0        35255          4.1     3.22e+00
5.865022e+02                0            0        36987          4.1     3.47e+00
6.000005e+02     0.000000e+00            0        37939          4.1     3.60e+00
6.000012e+02     0.000000e+00            0        37939          4.1     3.60e+00
6.000049e+02     0.000000e+00            0        37939          4.1     3.60e+00
6.000073e+02     0.000000e+00            0        37939          4.1     3.60e+00
6.000093e+02     0.000000e+00            0        37939          4.1     3.60e+00
6.000117e+02     0.000000e+00            0        37939          4.1     3.60e+00
6.000141e+02     0.000000e+00            0        37939          4.1     3.60e+00
6.000194e+02     0.000000e+00            0        37940          4.1     3.60e+00
6.000294e+02     0.000000e+00            0        37940          4.1     3.60e+00
6.000450e+02     0.000000e+00            0        37940          4.1     3.60e+00
6.000650e+02     0.000000e+00            0        37942          4.1     3.60e+00
6.000939e+02     0.000000e+00            0        37944          4.1     3.60e+00
6.001343e+02     0.000000e+00            0        37948          4.1     3.55e+00
6.001989e+02     0.000000e+00            0        37952          4.1     3.55e+00
6.003013e+02     0.000000e+00            0        37961          4.1     3.55e+00
6.004518e+02     0.000000e+00            0        37970          4.1     3.55e+00
6.006882e+02     1.974448e-02            0        37980          4.1     3.60e+00
6.010279e+02     1.978022e-02            0        37995          4.1     3.60e+00
6.015606e+02     1.979167e-02            0        38032          4.1     3.55e+00
6.023483e+02     1.980198e-02            0        38087          4.1     3.55e+00
6.034928e+02     1.981132e-02            0        38154          4.1     3.55e+00
6.052813e+02     5.935252e-02            0        38285          4.1     3.60e+00
6.079388e+02     9.871245e-02            0        38444          4.1     3.51e+00
6.119170e+02     5.916187e-02            0        38688          4.1     3.55e+00
6.131070e+02     5.905512e-02            0        38767          4.1     3.60e+00
6.267147e+02     1.374622e-01            0        39696          4.1     3.47e+00
6.397470e+02     1.568627e-01            0        40538          4.1     3.60e+00
6.600207e+02     1.764706e-01            0        41841          4.1     3.51e+00
6.663655e+02     1.966102e-01            0        42230          4.1     3.55e+00
6.930812e+02     2.166776e-01            0        43934          4.1     3.42e+00
7.198308e+02     2.561983e-01            0        45733          4.1     3.15e+00
7.466141e+02     1.976529e-01            0        47450          4.1     3.11e+00
7.731802e+02     2.960526e-01            0        49208          4.1     3.07e+00
7.998192e+02     2.963393e-01            0        50985          4.1     2.96e+00
8.264361e+02     3.557312e-01            0        52762          4.2     2.89e+00
8.529455e+02     3.166575e-01            0        54605          4.2     2.76e+00
8.795462e+02     3.759358e-01            0        56393          4.2     2.79e+00
9.062993e+02     3.375131e-01            0        58193          4.2     2.66e+00
9.328368e+02     3.384380e-01            0        59957          4.2     2.76e+00
9.595263e+02     3.988036e-01            0        61768          4.2     2.72e+00
9.863592e+02     3.798147e-01            0        63554          4.2     2.66e+00
1.012706e+03     3.011472e-01            0        65303          4.2     2.72e+00
1.039314e+03     3.222482e-01            0        67103          4.2     2.76e+00
1.065833e+03     2.633517e-01            0        68913          4.2     2.69e+00
1.092549e+03     3.254973e-01            0        70681          4.2     2.79e+00
1.119247e+03     2.452243e-01            0        72472          4.2     2.76e+00
1.145777e+03     3.075916e-01            0        74202          4.2     2.72e+00
1.172498e+03     3.904110e-01            0        75949          4.2     2.69e+00
1.199102e+03     1.858407e-01            0        77624          4.2     2.69e+00
1.225850e+03     2.900953e-01            0        79325          4.2     2.60e+00
1.252499e+03     3.113553e-01            0        81019          4.2     2.66e+00
1.279046e+03     3.121248e-01            0        82749          4.2     2.69e+00
1.305746e+03     3.545848e-01            0        84571          4.2     2.60e+00
1.332473e+03     3.767442e-01            0        86363          4.2     2.45e+00
1.359348e+03     3.778626e-01            0        88092          4.2     2.33e+00
1.385900e+03     4.007533e-01            0        89910          4.2     2.42e+00
1.412619e+03     4.438265e-01            0        91687          4.2     2.36e+00
1.439373e+03     4.027778e-01            0        93425          4.2     2.45e+00
1.465875e+03     4.464865e-01            0        95189          4.2     2.48e+00
1.492548e+03     5.108194e-01            0        96839          4.2     2.39e+00
1.519421e+03     5.111732e-01            0        98486          4.2     2.42e+00
1.546001e+03     4.483471e-01            0       100181          4.2     2.30e+00
1.572534e+03     4.282801e-01            0       101830          4.2     2.25e+00
1.599121e+03     4.081907e-01            0       103535          4.2     2.20e+00
1.625596e+03     4.310345e-01            0       105202          4.2     2.33e+00
1.651951e+03     5.388635e-01            0       106940          4.2     2.33e+00
1.678590e+03     5.391052e-01            0       108665          4.2     2.28e+00
1.705146e+03     5.393401e-01            0       110410          4.2     2.28e+00
1.731612e+03     4.965582e-01            0       112103          4.2     2.28e+00
1.758332e+03     4.331683e-01            0       113813          4.2     2.25e+00
1.784788e+03     4.772380e-01            0       115631          4.2     2.09e+00
1.811368e+03     4.990958e-01            0       117403          4.2     2.20e+00
1.838159e+03     4.992566e-01            0       119063          4.2     2.30e+00
1.864775e+03     4.131649e-01            0       120789          4.2     2.30e+00
1.891182e+03     4.790941e-01            0       122439          4.2     2.28e+00
1.918090e+03     4.789459e-01            0       124087          4.2     2.28e+00
1.944903e+03     4.789370e-01            0       125830          4.2     2.28e+00
1.971589e+03     4.790620e-01            0       127511          4.2     2.28e+00
1.997938e+03     4.142975e-01            0       129089          4.2     2.25e+00
2.024471e+03     4.365621e-01            0       130778          4.2     2.09e+00
2.051118e+03     5.455280e-01            0       132484          4.2     2.30e+00
2.077845e+03     4.371002e-01            0       134132          4.2     2.42e+00
2.104280e+03     4.157659e-01            0       135795          4.2     2.45e+00
2.130924e+03     4.817518e-01            0       137458          4.2     2.45e+00
2.157657e+03     4.165592e-01            0       139089          4.2     2.36e+00
2.184342e+03     4.608318e-01            0       140721          4.2     2.25e+00
2.211136e+03     4.174242e-01            0       142355          4.2     2.28e+00
2.237838e+03     4.836373e-01            0       144072          4.2     2.30e+00
2.264453e+03     4.404850e-01            0       145767          4.2     2.25e+00
2.291076e+03     4.628949e-01            0       147530          4.2     2.20e+00
2.317636e+03     3.973799e-01            0       149258          4.2     2.14e+00
2.344257e+03     4.418828e-01            0       150985          4.2     2.22e+00
2.370826e+03     4.420152e-01            0       152772          4.2     2.07e+00
2.397552e+03     4.862450e-01            0       154672          4.2     2.14e+00
2.424293e+03     4.201583e-01            0       156339          4.2     2.07e+00
2.450887e+03     4.203734e-01            0       157977          4.2     2.02e+00
2.477573e+03     3.987212e-01            0       159621          4.2     2.02e+00
2.504233e+03     4.649797e-01            0       161442          4.2     2.04e+00
2.530944e+03     4.209937e-01            0       163168          4.2     1.90e+00
2.557666e+03     3.550821e-01            0       164801          4.2     1.90e+00
2.584353e+03     3.556338e-01            0       166474          4.2     1.99e+00
2.611083e+03     4.003489e-01            0       168222          4.2     2.02e+00
2.637521e+03     4.452129e-01            0       169938          4.2     2.04e+00
2.664117e+03     3.788301e-01            0       171664          4.2     1.99e+00
