#DeltaH=5.500000e-03
#Kdeg=5.000000e-03
1.000000e+00 1.543341e+02
2.000000e+00 9.447334e+01
3.000000e+00 7.108568e+01
5.000000e+00 5.133573e+01
7.000000e+00 3.947328e+01
1.000000e+01 -6.142660e+00
1.400000e+01 -8.732866e-03
2.000000e+01 -3.170688e-07
2.800000e+01 3.817067e-09
4.000000e+01 -1.104401e-08
5.600000e+01 -0.000000e+00
7.900000e+01 -9.575453e-08
1.110000e+02 -1.699534e-07
1.560000e+02 -2.932503e-07
2.190000e+02 0.000000e+00
3.070000e+02 5.300841e-07
4.300000e+02 NaN
6.020000e+02 NaN
8.430000e+02 NaN
1.181000e+03 NaN
1.654000e+03 NaN
2.316000e+03 NaN
3.243000e+03 NaN
4.541000e+03 NaN
6.358000e+03 NaN
8.902000e+03 NaN
1.246300e+04 NaN
1.744900e+04 NaN
2.442900e+04 NaN
3.420100e+04 NaN
4.788200e+04 NaN
6.703500e+04 NaN
9.384900e+04 NaN
