#DeltaH=5.500000e-03
#Kdeg=1.000000e-03
1.000000e-01 5.863295e+02
2.000000e-01 5.547226e+02
3.000000e-01 5.264185e+02
5.000000e-01 4.778460e+02
7.000000e-01 4.376747e+02
1.000000e+00 3.889547e+02
1.400000e+00 3.391036e+02
2.000000e+00 2.850612e+02
2.800000e+00 2.359274e+02
4.000000e+00 1.885937e+02
5.600000e+00 1.501231e+02
7.900000e+00 1.176748e+02
1.110000e+01 9.226043e+01
1.560000e+01 7.268434e+01
2.190000e+01 5.794089e+01
3.070000e+01 4.684847e+01
4.300000e+01 3.831081e+01
6.020000e+01 3.156115e+01
8.430000e+01 2.623217e+01
1.181000e+02 2.221460e+01
1.654000e+02 1.942308e+01
2.316000e+02 1.768690e+01
3.243000e+02 1.676537e+01
4.541000e+02 1.636870e+01
6.358000e+02 1.622388e+01
8.902000e+02 1.616224e+01
1.246300e+03 1.612382e+01
