#DeltaH=5.500000e-03
#Kdeg=0.000000e+00
1.000000e+00 6.218525e+02
2.000000e+00 6.218525e+02
3.000000e+00 6.218525e+02
5.000000e+00 6.218525e+02
7.000000e+00 6.218525e+02
1.000000e+01 6.218525e+02
1.400000e+01 6.218525e+02
2.000000e+01 6.218525e+02
2.800000e+01 6.218525e+02
4.000000e+01 6.218525e+02
5.600000e+01 6.218525e+02
7.900000e+01 6.218525e+02
1.110000e+02 6.218525e+02
1.560000e+02 6.218525e+02
2.190000e+02 6.218525e+02
3.070000e+02 6.218525e+02
4.300000e+02 6.218525e+02
6.020000e+02 6.218525e+02
8.430000e+02 6.218525e+02
1.181000e+03 6.218525e+02
1.654000e+03 6.218525e+02
2.316000e+03 6.218525e+02
3.243000e+03 6.218525e+02
4.541000e+03 6.218525e+02
6.358000e+03 6.218525e+02
8.902000e+03 6.218525e+02
1.246300e+04 6.218525e+02
1.744900e+04 6.218525e+02
2.442900e+04 6.218525e+02
3.420100e+04 6.218525e+02
4.788200e+04 6.218525e+02
6.703500e+04 6.218525e+02
