#DeltaH=5.500000e-03
#Kdeg=5.000000e-04
1.000000e+00 4.772737e+02
2.000000e+00 3.909500e+02
3.000000e+00 3.338072e+02
5.000000e+00 2.632898e+02
7.000000e+00 2.218773e+02
1.000000e+01 1.847512e+02
1.400000e+01 1.568328e+02
2.000000e+01 1.342554e+02
2.800000e+01 1.179510e+02
4.000000e+01 1.033341e+02
5.600000e+01 8.991900e+01
7.900000e+01 7.589421e+01
1.110000e+02 6.232004e+01
1.560000e+02 4.993100e+01
2.190000e+02 3.948078e+01
3.070000e+02 3.129991e+01
4.300000e+02 2.533703e+01
6.020000e+02 2.131529e+01
8.430000e+02 1.884539e+01
1.181000e+03 1.750343e+01
1.654000e+03 1.686242e+01
2.316000e+03 1.656217e+01
3.243000e+03 1.639471e+01
4.541000e+03 1.628280e+01
6.358000e+03 1.620279e+01
8.902000e+03 1.614448e+01
1.246300e+04 1.610178e+01
1.744900e+04 1.607057e+01
2.442900e+04 1.604797e+01
3.420100e+04 1.603181e+01
4.788200e+04 1.602046e+01
6.703500e+04 1.601269e+01
9.384900e+04 1.600752e+01
