#DeltaH=5.500000e-03
#Kdeg=1.000000e-06
2.000000e+00 6.210999e+02
4.000000e+00 6.203633e+02
6.000000e+00 6.196422e+02
1.000000e+01 6.182446e+02
1.400000e+01 6.169037e+02
2.000000e+01 6.149912e+02
2.800000e+01 6.126111e+02
4.000000e+01 6.093645e+02
5.600000e+01 6.055524e+02
8.000000e+01 6.007295e+02
1.120000e+02 5.955648e+02
1.580000e+02 5.898922e+02
2.220000e+02 5.841248e+02
3.120000e+02 5.782335e+02
4.380000e+02 5.718890e+02
6.140000e+02 5.643042e+02
8.600000e+02 5.544015e+02
1.204000e+03 5.410280e+02
1.686000e+03 5.229455e+02
2.362000e+03 4.988011e+02
3.308000e+03 4.672923e+02
4.632000e+03 4.273530e+02
6.486000e+03 3.787200e+02
9.082000e+03 3.226666e+02
1.271600e+04 2.624821e+02
1.780400e+04 2.031364e+02
2.492600e+04 1.499413e+02
3.489800e+04 1.066391e+02
4.885800e+04 7.438742e+01
6.840200e+04 5.206171e+01
9.576400e+04 3.743747e+01
1.340700e+05 2.824297e+01
1.876980e+05 2.267510e+01
