#DeltaH=5.500000e-03
#Kdeg=1.000000e-05
1.000000e+00 6.181076e+02
2.000000e+00 6.144430e+02
3.000000e+00 6.108561e+02
5.000000e+00 6.039061e+02
7.000000e+00 5.972398e+02
1.000000e+01 5.877364e+02
1.400000e+01 5.759142e+02
2.000000e+01 5.597928e+02
2.800000e+01 5.408612e+02
4.000000e+01 5.168838e+02
5.600000e+01 4.911558e+02
7.900000e+01 4.628893e+02
1.110000e+02 4.344746e+02
1.560000e+02 4.067664e+02
2.190000e+02 3.800199e+02
3.070000e+02 3.528558e+02
4.300000e+02 3.227999e+02
6.020000e+02 2.879513e+02
8.430000e+02 2.482274e+02
1.181000e+03 2.054847e+02
1.654000e+03 1.629424e+02
2.316000e+03 1.240110e+02
3.243000e+03 9.131907e+01
4.541000e+03 6.602227e+01
6.358000e+03 4.778789e+01
8.902000e+03 3.536972e+01
1.246300e+04 2.729471e+01
