#DeltaH=5.500000e-03
#Kdeg=1.000000e-03
1.000000e-01 5.863295e+02
2.000000e-01 5.546937e+02
3.000000e-01 5.263401e+02
5.000000e-01 4.776285e+02
7.000000e-01 4.372879e+02
1.000000e+00 3.882916e+02
1.400000e+00 3.380683e+02
2.000000e+00 2.835026e+02
2.800000e+00 2.337573e+02
4.000000e+00 1.856659e+02
5.600000e+00 1.463974e+02
7.900000e+00 1.130749e+02
1.110000e+01 8.677658e+01
1.560000e+01 6.636647e+01
2.190000e+01 5.096996e+01
3.070000e+01 3.959548e+01
4.300000e+01 3.133442e+01
6.020000e+01 2.545998e+01
8.430000e+01 2.140756e+01
1.181000e+02 1.875779e+01
1.654000e+02 1.718463e+01
2.316000e+02 1.639146e+01
3.243000e+02 1.608707e+01
4.541000e+02 1.601084e+01
6.358000e+02 1.600059e+01
8.902000e+02 1.600001e+01
1.246300e+03 1.600000e+01
