#DeltaH=5.500000e-03
#Kdeg=1.000000e-04
1.000000e+00 5.863295e+02
2.000000e+00 5.549825e+02
3.000000e+00 5.271214e+02
5.000000e+00 4.797813e+02
7.000000e+00 4.410925e+02
1.000000e+01 3.947579e+02
1.400000e+01 3.480530e+02
2.000000e+01 2.982923e+02
2.800000e+01 2.539003e+02
4.000000e+01 2.118918e+02
5.600000e+01 1.780474e+02
7.900000e+01 1.489276e+02
1.110000e+02 1.242347e+02
1.560000e+02 1.020552e+02
2.190000e+02 8.187386e+01
3.070000e+02 6.417110e+01
4.300000e+02 4.956376e+01
6.020000e+02 3.825338e+01
8.430000e+02 2.998555e+01
1.181000e+03 2.427241e+01
1.654000e+03 2.057023e+01
2.316000e+03 1.836004e+01
3.243000e+03 1.718849e+01
4.541000e+03 1.665060e+01
6.358000e+03 1.641683e+01
8.902000e+03 1.629400e+01
1.246300e+04 1.621186e+01
