             Din           counts             Dout           counts-1.066556e+01            0 -2.397940e+00            0
-1.061094e+01            0 -2.387890e+00            0
-1.055632e+01            0 -2.377840e+00            0
-1.050170e+01            0 -2.367789e+00            0
-1.044707e+01            0 -2.357739e+00            0
-1.039245e+01            0 -2.347689e+00            0
-1.033783e+01            0 -2.337639e+00            0
-1.028321e+01            0 -2.327588e+00            0
-1.022859e+01            0 -2.317538e+00            0
-1.017397e+01            0 -2.307488e+00            0
-1.011935e+01            0 -2.297437e+00            0
-1.006472e+01            0 -2.287387e+00            0
-1.001010e+01            0 -2.277337e+00            0
-9.955481e+00            0 -2.267287e+00            0
-9.900860e+00            0 -2.257236e+00            0
-9.846238e+00            0 -2.247186e+00            0
-9.791617e+00            0 -2.237136e+00            0
-9.736995e+00            1 -2.227086e+00            0
-9.682374e+00            0 -2.217035e+00            0
-9.627753e+00            0 -2.206985e+00            0
-9.573131e+00            0 -2.196935e+00            0
-9.518510e+00            0 -2.186885e+00            0
-9.463888e+00            0 -2.176834e+00            0
-9.409267e+00            0 -2.166784e+00            0
-9.354645e+00            0 -2.156734e+00            0
-9.300024e+00            0 -2.146684e+00            0
-9.245403e+00            0 -2.136633e+00            0
-9.190781e+00            0 -2.126583e+00            0
-9.136160e+00            0 -2.116533e+00            0
-9.081538e+00            0 -2.106483e+00            0
-9.026917e+00            0 -2.096432e+00            0
-8.972296e+00            0 -2.086382e+00            0
-8.917674e+00            0 -2.076332e+00            0
-8.863053e+00            0 -2.066282e+00            0
-8.808431e+00            0 -2.056231e+00            0
-8.753810e+00            0 -2.046181e+00            0
-8.699189e+00            0 -2.036131e+00            0
-8.644567e+00            0 -2.026081e+00            0
-8.589946e+00            0 -2.016030e+00            0
-8.535324e+00            0 -2.005980e+00            0
-8.480703e+00            1 -1.995930e+00            0
-8.426081e+00            0 -1.985880e+00            0
-8.371460e+00            0 -1.975829e+00            0
-8.316839e+00            0 -1.965779e+00            0
-8.262217e+00            0 -1.955729e+00            0
-8.207596e+00            0 -1.945679e+00            0
-8.152974e+00            0 -1.935628e+00            0
-8.098353e+00            0 -1.925578e+00            0
-8.043732e+00            0 -1.915528e+00            0
-7.989110e+00            0 -1.905478e+00            0
-7.934489e+00            0 -1.895427e+00            0
-7.879867e+00            0 -1.885377e+00            0
-7.825246e+00            0 -1.875327e+00            0
-7.770625e+00            0 -1.865277e+00            0
-7.716003e+00            0 -1.855226e+00            0
-7.661382e+00            0 -1.845176e+00            0
-7.606760e+00            0 -1.835126e+00            0
-7.552139e+00            0 -1.825076e+00            0
-7.497517e+00            0 -1.815025e+00            0
-7.442896e+00            1 -1.804975e+00            0
-7.388275e+00            0 -1.794925e+00            0
-7.333653e+00            0 -1.784875e+00            0
-7.279032e+00            1 -1.774824e+00            0
-7.224410e+00            1 -1.764774e+00            0
-7.169789e+00            2 -1.754724e+00            0
-7.115168e+00            0 -1.744674e+00            0
-7.060546e+00            1 -1.734623e+00            0
-7.005925e+00            1 -1.724573e+00            0
-6.951303e+00            0 -1.714523e+00            0
-6.896682e+00            0 -1.704473e+00            0
-6.842060e+00            0 -1.694422e+00            0
-6.787439e+00            0 -1.684372e+00            0
-6.732818e+00            1 -1.674322e+00            0
-6.678196e+00            0 -1.664272e+00            0
-6.623575e+00            0 -1.654221e+00            0
-6.568953e+00            0 -1.644171e+00            0
-6.514332e+00            1 -1.634121e+00            0
-6.459711e+00            1 -1.624071e+00            0
-6.405089e+00            0 -1.614020e+00            0
-6.350468e+00            0 -1.603970e+00            0
-6.295846e+00            1 -1.593920e+00            0
-6.241225e+00            0 -1.583870e+00            0
-6.186604e+00            1 -1.573819e+00            0
-6.131982e+00            1 -1.563769e+00            0
-6.077361e+00            0 -1.553719e+00            0
-6.022739e+00            1 -1.543669e+00            0
-5.968118e+00            0 -1.533618e+00            0
-5.913496e+00            0 -1.523568e+00            0
-5.858875e+00            1 -1.513518e+00            0
-5.804254e+00            2 -1.503468e+00            0
-5.749632e+00            3 -1.493417e+00            0
-5.695011e+00            1 -1.483367e+00            0
-5.640389e+00            0 -1.473317e+00            0
-5.585768e+00            0 -1.463267e+00            0
-5.531147e+00            1 -1.453216e+00            0
-5.476525e+00            1 -1.443166e+00            0
-5.421904e+00            3 -1.433116e+00            0
-5.367282e+00            1 -1.423066e+00            0
-5.312661e+00            2 -1.413015e+00            0
-5.258039e+00            2 -1.402965e+00         1200
-5.203418e+00            2 -1.392915e+00            0
-5.148797e+00            2 -1.382865e+00            0
-5.094175e+00            0 -1.372814e+00            0
-5.039554e+00            4 -1.362764e+00            0
-4.984932e+00            3 -1.352714e+00            0
-4.930311e+00            3 -1.342664e+00            0
-4.875690e+00            1 -1.332613e+00            0
-4.821068e+00            3 -1.322563e+00            0
-4.766447e+00            3 -1.312513e+00            0
-4.711825e+00            3 -1.302463e+00            0
-4.657204e+00            1 -1.292412e+00            0
-4.602583e+00            2 -1.282362e+00            0
-4.547961e+00            6 -1.272312e+00            0
-4.493340e+00            3 -1.262262e+00            0
-4.438718e+00            3 -1.252211e+00            0
-4.384097e+00            2 -1.242161e+00            0
-4.329475e+00            5 -1.232111e+00            0
-4.274854e+00            0 -1.222061e+00            0
-4.220233e+00            5 -1.212010e+00            0
-4.165611e+00            2 -1.201960e+00            0
-4.110990e+00            8 -1.191910e+00            0
-4.056368e+00            3 -1.181860e+00            0
-4.001747e+00            2 -1.171809e+00            0
-3.947126e+00            5 -1.161759e+00            0
-3.892504e+00            4 -1.151709e+00            0
-3.837883e+00            3 -1.141659e+00            0
-3.783261e+00            9 -1.131608e+00            0
-3.728640e+00            7 -1.121558e+00            0
-3.674019e+00           10 -1.111508e+00            0
-3.619397e+00            9 -1.101458e+00            0
-3.564776e+00            6 -1.091407e+00            0
-3.510154e+00            9 -1.081357e+00            0
-3.455533e+00            5 -1.071307e+00            0
-3.400911e+00            4 -1.061257e+00            0
-3.346290e+00            7 -1.051206e+00            0
-3.291669e+00            3 -1.041156e+00            0
-3.237047e+00            7 -1.031106e+00            0
-3.182426e+00            8 -1.021056e+00            0
-3.127804e+00            8 -1.011005e+00            0
-3.073183e+00           11 -1.000955e+00            0
-3.018562e+00            7 -9.909048e-01            0
-2.963940e+00            5 -9.808546e-01            0
-2.909319e+00            9 -9.708043e-01            0
-2.854697e+00           13 -9.607541e-01            0
-2.800076e+00           15 -9.507038e-01            0
-2.745454e+00           14 -9.406536e-01            0
-2.690833e+00           19 -9.306033e-01            0
-2.636212e+00           13 -9.205531e-01            0
-2.581590e+00           14 -9.105028e-01            0
-2.526969e+00           12 -9.004526e-01            0
-2.472347e+00           15 -8.904023e-01            0
-2.417726e+00           16 -8.803521e-01            0
-2.363105e+00           18 -8.703018e-01            0
-2.308483e+00           14 -8.602516e-01            0
-2.253862e+00           19 -8.502013e-01            0
-2.199240e+00           15 -8.401511e-01            0
-2.144619e+00           11 -8.301008e-01            0
-2.089998e+00           22 -8.200506e-01            0
-2.035376e+00           22 -8.100003e-01            0
-1.980755e+00           20 -7.999501e-01            0
-1.926133e+00           25 -7.898998e-01            0
-1.871512e+00           26 -7.798496e-01            0
-1.816890e+00           25 -7.697993e-01            0
-1.762269e+00           20 -7.597491e-01            0
-1.707648e+00           23 -7.496988e-01            0
-1.653026e+00           32 -7.396486e-01            0
-1.598405e+00           23 -7.295983e-01            0
-1.543783e+00           32 -7.195480e-01            0
-1.489162e+00           34 -7.094978e-01            0
-1.434541e+00           25 -6.994475e-01            0
-1.379919e+00           38 -6.893973e-01            0
-1.325298e+00           42 -6.793470e-01            0
-1.270676e+00           32 -6.692968e-01            0
-1.216055e+00           44 -6.592465e-01            0
-1.161433e+00           43 -6.491963e-01            0
-1.106812e+00           39 -6.391460e-01            0
-1.052191e+00           44 -6.290958e-01            0
-9.975693e-01           37 -6.190455e-01            0
-9.429478e-01           46 -6.089953e-01            0
-8.883264e-01           51 -5.989450e-01            0
-8.337050e-01           12 -5.888948e-01            0
-7.790836e-01            0 -5.788445e-01            0
-7.244622e-01            0 -5.687943e-01            0
-6.698408e-01            0 -5.587440e-01            0
-6.152194e-01            0 -5.486938e-01            0
-5.605979e-01            0 -5.386435e-01            0
-5.059765e-01            0 -5.285933e-01            0
-4.513551e-01            0 -5.185430e-01            0
-3.967337e-01            0 -5.084928e-01            0
-3.421123e-01            0 -4.984425e-01            0
-2.874909e-01            0 -4.883923e-01            0
-2.328695e-01            0 -4.783420e-01            0
-1.782481e-01            0 -4.682918e-01            0
-1.236266e-01            0 -4.582415e-01            0
-6.900523e-02            0 -4.481913e-01            0
-1.438381e-02            0 -4.381410e-01            0
4.023760e-02            0 -4.280908e-01            0
9.485901e-02            0 -4.180405e-01            0
1.494804e-01            0 -4.079903e-01            0
2.041018e-01            0 -3.979400e-01            0
